{
 "cells": [
  {
   "cell_type": "code",
   "execution_count": 7,
   "id": "f4ad9477",
   "metadata": {},
   "outputs": [],
   "source": [
    "import matplotlib as plt\n",
    "import numpy as np\n",
    "import scipy\n",
    "import qutip as Q\n",
    "%run Ising_Model_Hamiltonian_Function.ipynb"
   ]
  },
  {
   "cell_type": "code",
   "execution_count": 8,
   "id": "799356b7",
   "metadata": {},
   "outputs": [
    {
     "name": "stdout",
     "output_type": "stream",
     "text": [
      "The string of spins is not periodic\n",
      "The Hamiltonian is:\n",
      "Quantum object: dims=[[2, 2], [2, 2]], shape=(4, 4), type='oper', dtype=CSR, isherm=True\n",
      "Qobj data =\n",
      "[[-1. -3. -3.  0.]\n",
      " [-3.  1.  0. -3.]\n",
      " [-3.  0.  1. -3.]\n",
      " [ 0. -3. -3. -1.]]\n"
     ]
    }
   ],
   "source": [
    "H = ising_model_hamiltonian(2, 1, 3, 0)\n",
    "print(H)"
   ]
  },
  {
   "cell_type": "code",
   "execution_count": 32,
   "id": "e1ae459e",
   "metadata": {},
   "outputs": [
    {
     "name": "stdout",
     "output_type": "stream",
     "text": [
      "[[-1.+0.j -3.+0.j -3.+0.j  0.+0.j]\n",
      " [-3.+0.j  1.-0.j  0.+0.j -3.+0.j]\n",
      " [-3.+0.j  0.+0.j  1.-0.j -3.+0.j]\n",
      " [ 0.+0.j -3.+0.j -3.+0.j -1.+0.j]]\n",
      "[[-1. -3. -3.  0.]\n",
      " [-3.  1.  0. -3.]\n",
      " [-3.  0.  1. -3.]\n",
      " [ 0. -3. -3. -1.]]\n"
     ]
    }
   ],
   "source": [
    "hnew = H.full()\n",
    "print(hnew)\n",
    "hnew = np.real(hnew)\n",
    "print(hnew)"
   ]
  },
  {
   "cell_type": "code",
   "execution_count": 15,
   "id": "9d0d0069",
   "metadata": {},
   "outputs": [
    {
     "name": "stdout",
     "output_type": "stream",
     "text": [
      "the original matrix is\n",
      "[[-2.  0.  0.  0.  0.  0.  0.  0.]\n",
      " [ 0.  0.  0.  0.  0.  0.  0.  0.]\n",
      " [ 0.  0.  2.  0.  0.  0.  0.  0.]\n",
      " [ 0.  0.  0.  0.  0.  0.  0.  0.]\n",
      " [ 0.  0.  0.  0.  0.  0.  0.  0.]\n",
      " [ 0.  0.  0.  0.  0.  2.  0.  0.]\n",
      " [ 0.  0.  0.  0.  0.  0.  0.  0.]\n",
      " [ 0.  0.  0.  0.  0.  0.  0. -2.]]\n",
      "the eigenvalues are\n",
      "[4. 4. 4. 4. 0. 0. 0. 0.]\n",
      "the trimmed eigenvalues are\n",
      "[4. 4. 4. 4.]\n",
      "the eigenvectors are\n",
      "[[0. 0. 0. 1. 0. 0. 0. 0.]\n",
      " [0. 0. 0. 0. 0. 0. 0. 1.]\n",
      " [0. 0. 1. 0. 0. 0. 0. 0.]\n",
      " [0. 0. 0. 0. 0. 0. 1. 0.]\n",
      " [0. 0. 0. 0. 0. 1. 0. 0.]\n",
      " [0. 1. 0. 0. 0. 0. 0. 0.]\n",
      " [0. 0. 0. 0. 1. 0. 0. 0.]\n",
      " [1. 0. 0. 0. 0. 0. 0. 0.]]\n",
      "v is\n",
      "[[0. 0. 0. 0. 0. 0. 0. 1.]\n",
      " [0. 0. 0. 0. 0. 1. 0. 0.]\n",
      " [0. 0. 1. 0. 0. 0. 0. 0.]\n",
      " [1. 0. 0. 0. 0. 0. 0. 0.]\n",
      " [0. 0. 0. 0. 0. 0. 1. 0.]\n",
      " [0. 0. 0. 0. 1. 0. 0. 0.]\n",
      " [0. 0. 0. 1. 0. 0. 0. 0.]\n",
      " [0. 1. 0. 0. 0. 0. 0. 0.]]\n",
      "the singular values are\n",
      "[2. 2. 2. 2.]\n",
      "sigma is\n",
      "[[2. 0. 0. 0. 0. 0. 0. 0.]\n",
      " [0. 2. 0. 0. 0. 0. 0. 0.]\n",
      " [0. 0. 2. 0. 0. 0. 0. 0.]\n",
      " [0. 0. 0. 2. 0. 0. 0. 0.]]\n",
      "\n",
      "u is\n",
      "[[ 0.  0.  0. -1.]\n",
      " [ 0.  0.  0.  0.]\n",
      " [ 0.  0.  1.  0.]\n",
      " [ 0.  0.  0.  0.]\n",
      " [ 0.  0.  0.  0.]\n",
      " [ 0.  1.  0.  0.]\n",
      " [ 0.  0.  0.  0.]\n",
      " [-1.  0.  0.  0.]]\n",
      "\n",
      "u*sigma*v gives\n",
      "[[-2.  0.  0.  0.  0.  0.  0.  0.]\n",
      " [ 0.  0.  0.  0.  0.  0.  0.  0.]\n",
      " [ 0.  0.  2.  0.  0.  0.  0.  0.]\n",
      " [ 0.  0.  0.  0.  0.  0.  0.  0.]\n",
      " [ 0.  0.  0.  0.  0.  0.  0.  0.]\n",
      " [ 0.  0.  0.  0.  0.  2.  0.  0.]\n",
      " [ 0.  0.  0.  0.  0.  0.  0.  0.]\n",
      " [ 0.  0.  0.  0.  0.  0.  0. -2.]]\n",
      "\n",
      "the singular value decomposition for the matrix is\n"
     ]
    },
    {
     "data": {
      "text/plain": [
       "(array([[ 0.,  0.,  0., -1.],\n",
       "        [ 0.,  0.,  0.,  0.],\n",
       "        [ 0.,  0.,  1.,  0.],\n",
       "        [ 0.,  0.,  0.,  0.],\n",
       "        [ 0.,  0.,  0.,  0.],\n",
       "        [ 0.,  1.,  0.,  0.],\n",
       "        [ 0.,  0.,  0.,  0.],\n",
       "        [-1.,  0.,  0.,  0.]]),\n",
       " array([[2., 0., 0., 0., 0., 0., 0., 0.],\n",
       "        [0., 2., 0., 0., 0., 0., 0., 0.],\n",
       "        [0., 0., 2., 0., 0., 0., 0., 0.],\n",
       "        [0., 0., 0., 2., 0., 0., 0., 0.]]),\n",
       " array([[0., 0., 0., 0., 0., 0., 0., 1.],\n",
       "        [0., 0., 0., 0., 0., 1., 0., 0.],\n",
       "        [0., 0., 1., 0., 0., 0., 0., 0.],\n",
       "        [1., 0., 0., 0., 0., 0., 0., 0.],\n",
       "        [0., 0., 0., 0., 0., 0., 1., 0.],\n",
       "        [0., 0., 0., 0., 1., 0., 0., 0.],\n",
       "        [0., 0., 0., 1., 0., 0., 0., 0.],\n",
       "        [0., 1., 0., 0., 0., 0., 0., 0.]]))"
      ]
     },
     "execution_count": 15,
     "metadata": {},
     "output_type": "execute_result"
    }
   ],
   "source": [
    "svd(hnew)"
   ]
  },
  {
   "cell_type": "code",
   "execution_count": 35,
   "id": "618584b0",
   "metadata": {},
   "outputs": [
    {
     "name": "stdout",
     "output_type": "stream",
     "text": [
      "the original matrix is\n",
      "[[-1. -3. -3.  0.]\n",
      " [-3.  1.  0. -3.]\n",
      " [-3.  0.  1. -3.]\n",
      " [ 0. -3. -3. -1.]]\n",
      "the eigenvalues are\n",
      "[37. 37.  1.  1.]\n",
      "the trimmed eigenvalues are\n",
      "[37. 37.  1.  1.]\n",
      "the eigenvectors are\n",
      "[[ 0.          0.70710678  0.          0.70710678]\n",
      " [ 0.70710678  0.         -0.70710678  0.        ]\n",
      " [ 0.70710678  0.          0.70710678  0.        ]\n",
      " [ 0.          0.70710678  0.         -0.70710678]]\n",
      "v is\n",
      "[[ 0.          0.70710678  0.70710678  0.        ]\n",
      " [ 0.70710678  0.          0.          0.70710678]\n",
      " [ 0.         -0.70710678  0.70710678  0.        ]\n",
      " [ 0.70710678  0.          0.         -0.70710678]]\n",
      "the singular values are\n",
      "[6.08276253 6.08276253 1.         1.        ]\n",
      "sigma is\n",
      "[[6.08276253 0.         0.         0.        ]\n",
      " [0.         6.08276253 0.         0.        ]\n",
      " [0.         0.         1.         0.        ]\n",
      " [0.         0.         0.         1.        ]]\n",
      "\n",
      "u is\n",
      "[[-6.97485832e-01 -1.16247639e-01 -8.88178420e-16 -7.07106781e-01]\n",
      " [ 1.16247639e-01 -6.97485832e-01 -7.07106781e-01 -8.88178420e-16]\n",
      " [ 1.16247639e-01 -6.97485832e-01  7.07106781e-01 -8.88178420e-16]\n",
      " [-6.97485832e-01 -1.16247639e-01 -8.88178420e-16  7.07106781e-01]]\n",
      "\n",
      "u*sigma*v gives\n",
      "[[-1.00000000e+00 -3.00000000e+00 -3.00000000e+00  2.23711432e-17]\n",
      " [-3.00000000e+00  1.00000000e+00 -7.78822944e-17 -3.00000000e+00]\n",
      " [-3.00000000e+00 -2.23711432e-17  1.00000000e+00 -3.00000000e+00]\n",
      " [ 7.78822944e-17 -3.00000000e+00 -3.00000000e+00 -1.00000000e+00]]\n",
      "\n",
      "the singular value decomposition for the matrix is\n"
     ]
    },
    {
     "data": {
      "text/plain": [
       "(array([[-6.97485832e-01, -1.16247639e-01, -8.88178420e-16,\n",
       "         -7.07106781e-01],\n",
       "        [ 1.16247639e-01, -6.97485832e-01, -7.07106781e-01,\n",
       "         -8.88178420e-16],\n",
       "        [ 1.16247639e-01, -6.97485832e-01,  7.07106781e-01,\n",
       "         -8.88178420e-16],\n",
       "        [-6.97485832e-01, -1.16247639e-01, -8.88178420e-16,\n",
       "          7.07106781e-01]]),\n",
       " array([[6.08276253, 0.        , 0.        , 0.        ],\n",
       "        [0.        , 6.08276253, 0.        , 0.        ],\n",
       "        [0.        , 0.        , 1.        , 0.        ],\n",
       "        [0.        , 0.        , 0.        , 1.        ]]),\n",
       " array([[ 0.        ,  0.70710678,  0.70710678,  0.        ],\n",
       "        [ 0.70710678,  0.        ,  0.        ,  0.70710678],\n",
       "        [ 0.        , -0.70710678,  0.70710678,  0.        ],\n",
       "        [ 0.70710678,  0.        ,  0.        , -0.70710678]]))"
      ]
     },
     "execution_count": 35,
     "metadata": {},
     "output_type": "execute_result"
    }
   ],
   "source": [
    "svd(hnew)"
   ]
  },
  {
   "cell_type": "code",
   "execution_count": 29,
   "id": "909c23ab",
   "metadata": {},
   "outputs": [
    {
     "data": {
      "text/plain": [
       "EigResult(eigenvalues=array([ 6.08276253, -1.        , -6.08276253,  1.        ]), eigenvectors=array([[-4.57056072e-01,  7.07106781e-01,  5.39536604e-01,\n",
       "         9.62975025e-18],\n",
       "       [ 5.39536604e-01, -7.71274675e-17,  4.57056072e-01,\n",
       "        -7.07106781e-01],\n",
       "       [ 5.39536604e-01, -7.71274675e-17,  4.57056072e-01,\n",
       "         7.07106781e-01],\n",
       "       [-4.57056072e-01, -7.07106781e-01,  5.39536604e-01,\n",
       "        -9.62975025e-18]]))"
      ]
     },
     "execution_count": 29,
     "metadata": {},
     "output_type": "execute_result"
    }
   ],
   "source": [
    "np.linalg.eig(hnew)"
   ]
  },
  {
   "cell_type": "code",
   "execution_count": null,
   "id": "de57368f",
   "metadata": {},
   "outputs": [],
   "source": []
  }
 ],
 "metadata": {
  "kernelspec": {
   "display_name": "Python 3 (ipykernel)",
   "language": "python",
   "name": "python3"
  },
  "language_info": {
   "codemirror_mode": {
    "name": "ipython",
    "version": 3
   },
   "file_extension": ".py",
   "mimetype": "text/x-python",
   "name": "python",
   "nbconvert_exporter": "python",
   "pygments_lexer": "ipython3",
   "version": "3.11.7"
  }
 },
 "nbformat": 4,
 "nbformat_minor": 5
}
